% number of repeats:% 3
% enter nfirst, nlast, ninc:% 100 1500 100 
data_ref( 1, 1:2 ) = [ 100 1.894510e-04 ];
data_unb_var1( 1, 1:3 ) = [ 100 1.125593e-03 8.881784e-15];
data_ref( 2, 1:2 ) = [ 200 2.233980e-04 ];
data_unb_var1( 2, 1:3 ) = [ 200 1.378662e-03 2.131628e-14];
data_ref( 3, 1:2 ) = [ 300 6.776200e-04 ];
data_unb_var1( 3, 1:3 ) = [ 300 4.270230e-03 3.019807e-14];
data_ref( 4, 1:2 ) = [ 400 1.484829e-03 ];
data_unb_var1( 4, 1:3 ) = [ 400 9.452373e-03 3.907985e-14];
data_ref( 5, 1:2 ) = [ 500 2.791146e-03 ];
data_unb_var1( 5, 1:3 ) = [ 500 1.741770e-02 4.973799e-14];
data_ref( 6, 1:2 ) = [ 600 4.772986e-03 ];
data_unb_var1( 6, 1:3 ) = [ 600 2.808837e-02 6.394885e-14];
data_ref( 7, 1:2 ) = [ 700 7.495500e-03 ];
data_unb_var1( 7, 1:3 ) = [ 700 4.356360e-02 6.750156e-14];
data_ref( 8, 1:2 ) = [ 800 1.106667e-02 ];
data_unb_var1( 8, 1:3 ) = [ 800 6.589948e-02 7.460699e-14];
data_ref( 9, 1:2 ) = [ 900 1.564649e-02 ];
data_unb_var1( 9, 1:3 ) = [ 900 9.919077e-02 9.237056e-14];
data_ref( 10, 1:2 ) = [ 1000 2.128263e-02 ];
data_unb_var1( 10, 1:3 ) = [ 1000 1.573464e-01 9.947598e-14];
data_ref( 11, 1:2 ) = [ 1100 2.845263e-02 ];
data_unb_var1( 11, 1:3 ) = [ 1100 2.502698e-01 1.350031e-13];
data_ref( 12, 1:2 ) = [ 1200 3.622823e-02 ];
data_unb_var1( 12, 1:3 ) = [ 1200 3.716060e-01 1.350031e-13];
data_ref( 13, 1:2 ) = [ 1300 4.638724e-02 ];
data_unb_var1( 13, 1:3 ) = [ 1300 5.182816e-01 1.776357e-13];
data_ref( 14, 1:2 ) = [ 1400 5.685810e-02 ];
data_unb_var1( 14, 1:3 ) = [ 1400 6.859182e-01 1.705303e-13];
data_ref( 15, 1:2 ) = [ 1500 6.973773e-02 ];
data_unb_var1( 15, 1:3 ) = [ 1500 8.956693e-01 1.705303e-13];
