% number of repeats:% 3
% enter nfirst, nlast, ninc:% 100 1500 100 
data_ref( 1, 1:2 ) = [ 100 4.755900e-05 ];
data_unb_var1( 1, 1:3 ) = [ 100 4.792100e-05 0.000000e+00];
data_ref( 2, 1:2 ) = [ 200 2.343770e-04 ];
data_unb_var1( 2, 1:3 ) = [ 200 2.348010e-04 0.000000e+00];
data_ref( 3, 1:2 ) = [ 300 7.743910e-04 ];
data_unb_var1( 3, 1:3 ) = [ 300 8.921320e-04 0.000000e+00];
data_ref( 4, 1:2 ) = [ 400 1.702147e-03 ];
data_unb_var1( 4, 1:3 ) = [ 400 1.821660e-03 0.000000e+00];
data_ref( 5, 1:2 ) = [ 500 2.728869e-03 ];
data_unb_var1( 5, 1:3 ) = [ 500 2.869360e-03 0.000000e+00];
data_ref( 6, 1:2 ) = [ 600 4.629625e-03 ];
data_unb_var1( 6, 1:3 ) = [ 600 5.015134e-03 0.000000e+00];
data_ref( 7, 1:2 ) = [ 700 7.290686e-03 ];
data_unb_var1( 7, 1:3 ) = [ 700 7.770287e-03 0.000000e+00];
data_ref( 8, 1:2 ) = [ 800 1.100958e-02 ];
data_unb_var1( 8, 1:3 ) = [ 800 1.173066e-02 0.000000e+00];
data_ref( 9, 1:2 ) = [ 900 1.530394e-02 ];
data_unb_var1( 9, 1:3 ) = [ 900 1.631659e-02 0.000000e+00];
data_ref( 10, 1:2 ) = [ 1000 2.076411e-02 ];
data_unb_var1( 10, 1:3 ) = [ 1000 2.164842e-02 0.000000e+00];
data_ref( 11, 1:2 ) = [ 1100 2.775697e-02 ];
data_unb_var1( 11, 1:3 ) = [ 1100 2.955167e-02 0.000000e+00];
data_ref( 12, 1:2 ) = [ 1200 3.477251e-02 ];
data_unb_var1( 12, 1:3 ) = [ 1200 3.655090e-02 0.000000e+00];
data_ref( 13, 1:2 ) = [ 1300 4.491109e-02 ];
data_unb_var1( 13, 1:3 ) = [ 1300 4.833372e-02 0.000000e+00];
data_ref( 14, 1:2 ) = [ 1400 5.512241e-02 ];
data_unb_var1( 14, 1:3 ) = [ 1400 5.907108e-02 0.000000e+00];
data_ref( 15, 1:2 ) = [ 1500 6.702083e-02 ];
data_unb_var1( 15, 1:3 ) = [ 1500 7.099040e-02 0.000000e+00];
