% number of repeats:% 3
% enter nfirst, nlast, ninc:% 100 1500 100 
data_ref( 1, 1:2 ) = [ 100 4.654100e-05 ];
data_unb_var1( 1, 1:3 ) = [ 100 5.372400e-05 4.299179e+01];
data_ref( 2, 1:2 ) = [ 200 2.396810e-04 ];
data_unb_var1( 2, 1:3 ) = [ 200 1.074130e-04 8.262613e+01];
data_ref( 3, 1:2 ) = [ 300 7.186280e-04 ];
data_unb_var1( 3, 1:3 ) = [ 300 1.605870e-04 1.231180e+02];
data_ref( 4, 1:2 ) = [ 400 1.567146e-03 ];
data_unb_var1( 4, 1:3 ) = [ 400 2.126680e-04 1.496101e+02];
data_ref( 5, 1:2 ) = [ 500 2.986443e-03 ];
data_unb_var1( 5, 1:3 ) = [ 500 2.532220e-04 1.867731e+02];
data_ref( 6, 1:2 ) = [ 600 5.277947e-03 ];
data_unb_var1( 6, 1:3 ) = [ 600 3.040520e-04 2.211133e+02];
data_ref( 7, 1:2 ) = [ 700 8.285627e-03 ];
data_unb_var1( 7, 1:3 ) = [ 700 3.547710e-04 2.593310e+02];
data_ref( 8, 1:2 ) = [ 800 1.239494e-02 ];
data_unb_var1( 8, 1:3 ) = [ 800 3.984670e-04 2.901273e+02];
data_ref( 9, 1:2 ) = [ 900 1.704140e-02 ];
data_unb_var1( 9, 1:3 ) = [ 900 4.599940e-04 3.256569e+02];
data_ref( 10, 1:2 ) = [ 1000 2.369685e-02 ];
data_unb_var1( 10, 1:3 ) = [ 1000 5.071430e-04 3.645075e+02];
data_ref( 11, 1:2 ) = [ 1100 3.150250e-02 ];
data_unb_var1( 11, 1:3 ) = [ 1100 5.582970e-04 4.056668e+02];
data_ref( 12, 1:2 ) = [ 1200 3.992032e-02 ];
data_unb_var1( 12, 1:3 ) = [ 1200 6.090730e-04 4.366113e+02];
data_ref( 13, 1:2 ) = [ 1300 5.140607e-02 ];
data_unb_var1( 13, 1:3 ) = [ 1300 6.615490e-04 4.728732e+02];
data_ref( 14, 1:2 ) = [ 1400 6.371414e-02 ];
data_unb_var1( 14, 1:3 ) = [ 1400 7.227720e-04 5.056257e+02];
data_ref( 15, 1:2 ) = [ 1500 7.522296e-02 ];
data_unb_var1( 15, 1:3 ) = [ 1500 7.699270e-04 5.414221e+02];
