% number of repeats:% 3
% enter nfirst, nlast, ninc:% 100 1500 100 
data_ref( 1, 1:2 ) = [ 100 4.327500e-05 ];
data_unb_var1( 1, 1:3 ) = [ 100 4.423500e-05 0.000000e+00];
data_ref( 2, 1:2 ) = [ 200 2.151430e-04 ];
data_unb_var1( 2, 1:3 ) = [ 200 2.154510e-04 0.000000e+00];
data_ref( 3, 1:2 ) = [ 300 7.077050e-04 ];
data_unb_var1( 3, 1:3 ) = [ 300 8.396390e-04 0.000000e+00];
data_ref( 4, 1:2 ) = [ 400 1.709025e-03 ];
data_unb_var1( 4, 1:3 ) = [ 400 1.813229e-03 0.000000e+00];
data_ref( 5, 1:2 ) = [ 500 2.714375e-03 ];
data_unb_var1( 5, 1:3 ) = [ 500 2.896556e-03 0.000000e+00];
data_ref( 6, 1:2 ) = [ 600 4.624999e-03 ];
data_unb_var1( 6, 1:3 ) = [ 600 5.117410e-03 0.000000e+00];
data_ref( 7, 1:2 ) = [ 700 7.309312e-03 ];
data_unb_var1( 7, 1:3 ) = [ 700 7.774670e-03 0.000000e+00];
data_ref( 8, 1:2 ) = [ 800 1.095073e-02 ];
data_unb_var1( 8, 1:3 ) = [ 800 1.199400e-02 0.000000e+00];
data_ref( 9, 1:2 ) = [ 900 1.523610e-02 ];
data_unb_var1( 9, 1:3 ) = [ 900 1.634270e-02 0.000000e+00];
data_ref( 10, 1:2 ) = [ 1000 2.072944e-02 ];
data_unb_var1( 10, 1:3 ) = [ 1000 2.194632e-02 0.000000e+00];
data_ref( 11, 1:2 ) = [ 1100 2.792633e-02 ];
data_unb_var1( 11, 1:3 ) = [ 1100 2.990805e-02 0.000000e+00];
data_ref( 12, 1:2 ) = [ 1200 3.522925e-02 ];
data_unb_var1( 12, 1:3 ) = [ 1200 3.824206e-02 0.000000e+00];
data_ref( 13, 1:2 ) = [ 1300 4.536280e-02 ];
data_unb_var1( 13, 1:3 ) = [ 1300 4.966128e-02 0.000000e+00];
data_ref( 14, 1:2 ) = [ 1400 5.603258e-02 ];
data_unb_var1( 14, 1:3 ) = [ 1400 6.008476e-02 0.000000e+00];
data_ref( 15, 1:2 ) = [ 1500 6.676018e-02 ];
data_unb_var1( 15, 1:3 ) = [ 1500 7.163813e-02 0.000000e+00];
