% number of repeats:% 3
% enter nfirst, nlast, ninc:% 100 1500 100 
data_ref( 1, 1:2 ) = [ 100 5.160200e-05 ];
data_unb_var1( 1, 1:3 ) = [ 100 8.250300e-05 4.299179e+01];
data_ref( 2, 1:2 ) = [ 200 2.948320e-04 ];
data_unb_var1( 2, 1:3 ) = [ 200 1.391270e-04 8.262613e+01];
data_ref( 3, 1:2 ) = [ 300 9.146690e-04 ];
data_unb_var1( 3, 1:3 ) = [ 300 1.972520e-04 1.231180e+02];
data_ref( 4, 1:2 ) = [ 400 2.075532e-03 ];
data_unb_var1( 4, 1:3 ) = [ 400 2.632410e-04 1.496101e+02];
data_ref( 5, 1:2 ) = [ 500 3.851675e-03 ];
data_unb_var1( 5, 1:3 ) = [ 500 3.297350e-04 1.867731e+02];
data_ref( 6, 1:2 ) = [ 600 6.447392e-03 ];
data_unb_var1( 6, 1:3 ) = [ 600 3.963810e-04 2.211133e+02];
data_ref( 7, 1:2 ) = [ 700 9.974919e-03 ];
data_unb_var1( 7, 1:3 ) = [ 700 4.634390e-04 2.593310e+02];
data_ref( 8, 1:2 ) = [ 800 1.467039e-02 ];
data_unb_var1( 8, 1:3 ) = [ 800 5.293780e-04 2.901273e+02];
data_ref( 9, 1:2 ) = [ 900 2.032007e-02 ];
data_unb_var1( 9, 1:3 ) = [ 900 5.952450e-04 3.256569e+02];
data_ref( 10, 1:2 ) = [ 1000 2.834959e-02 ];
data_unb_var1( 10, 1:3 ) = [ 1000 6.836250e-04 3.645075e+02];
data_ref( 11, 1:2 ) = [ 1100 3.672685e-02 ];
data_unb_var1( 11, 1:3 ) = [ 1100 7.263850e-04 4.056668e+02];
data_ref( 12, 1:2 ) = [ 1200 4.720864e-02 ];
data_unb_var1( 12, 1:3 ) = [ 1200 8.192270e-04 4.366113e+02];
data_ref( 13, 1:2 ) = [ 1300 6.204029e-02 ];
data_unb_var1( 13, 1:3 ) = [ 1300 8.588800e-04 4.728732e+02];
data_ref( 14, 1:2 ) = [ 1400 7.478115e-02 ];
data_unb_var1( 14, 1:3 ) = [ 1400 9.250140e-04 5.056257e+02];
data_ref( 15, 1:2 ) = [ 1500 9.106537e-02 ];
data_unb_var1( 15, 1:3 ) = [ 1500 9.902770e-04 5.414221e+02];
